Event.Nr	CDA.nSCR	CDA.Latency	CDA.AmpSum	CDA.SCR	CDA.ISCR	CDA.PhasicMax	CDA.Tonic	TTP.nSCR	TTP.Latency	TTP.AmpSum	Global.Mean	Global.MaxDeflection	Event.NID	Event.Name
  1	-1	   NaN	-0.5644	-0.5052	-0.5052	-0.2091	-0.4770	 0	   NaN	-0.2975	3.6349	0.0000	  4	"white noise video baseline"
  2	 2	-0.1848	0.1172	0.1655	0.1655	-0.0079	-3.1608	 0	   NaN	-0.2975	3.7146	0.1488	  5	"instruction"
  3	-1	   NaN	-0.5644	-0.6709	-0.6709	-0.5783	0.7423	 0	   NaN	-0.2975	4.2849	0.0179	  6	"white noise video"
  4	-1	   NaN	-0.5644	-0.6709	-0.6709	-0.1567	-1.0140	 0	   NaN	-0.2975	3.7809	0.0796	  7	"RENTOUTUNEISUUS"
  5	-1	   NaN	-0.5644	-0.6709	-0.6709	-0.8612	0.5598	 0	   NaN	-0.2975	4.1189	0.0070	  8	"47"
  6	-1	   NaN	-0.5644	-0.5165	-0.5165	-0.3989	0.6213	 0	   NaN	-0.2975	3.7852	0.0008	  9	"white noise video"
  7	-1	   NaN	-0.5644	-0.6049	-0.6049	0.8424	0.0551	 1	6.3906	2.2043	3.7347	0.0079	 10	"SURU"
  8	-1	   NaN	-0.5644	0.0812	0.0812	0.3717	0.8344	 0	   NaN	-0.2975	3.9186	0.0754	 11	"47"
  9	 2	-0.1848	0.6219	1.1357	1.1357	0.9103	0.1964	 0	   NaN	-0.2975	3.8988	0.1302	 12	"white noise video"
 10	-1	   NaN	-0.5644	-0.6709	-0.6709	-0.1706	0.0780	 0	   NaN	-0.2975	3.9379	0.1115	 13	"INNOSTUNEISUUS"
 11	-1	   NaN	-0.5644	-0.0988	-0.0988	1.8386	2.0057	 0	   NaN	-0.2975	4.2180	0.1272	 14	"47"
 12	-1	   NaN	-0.5644	-0.6709	-0.6709	-0.5720	1.1434	 0	   NaN	-0.2975	3.9390	0.0000	 15	"white noise video"
 13	 0	-0.5087	-0.3474	-0.2509	-0.2509	-0.3669	0.0903	 0	   NaN	-0.2975	3.7798	0.0383	 16	"VOITTO"
 14	 2	-0.1848	2.1309	2.1809	2.1809	1.9220	1.1912	 0	   NaN	-0.2975	4.0124	0.2150	 17	"47"
 15	-1	   NaN	-0.5644	-0.5860	-0.5860	-0.5770	0.8839	 0	   NaN	-0.2975	3.8977	0.0000	 18	"white noise video"
 16	 0	-0.6166	-0.4047	-0.4354	-0.4354	-0.3770	-0.2278	 0	   NaN	-0.2975	3.7654	0.0231	 19	"VIHA"
 17	 2	-0.8325	1.0534	0.9018	0.9018	0.5878	1.2693	 0	   NaN	-0.2975	4.1402	0.1903	 20	"47"
 18	 2	-0.0769	1.3206	1.6015	1.6015	1.6155	2.1781	 1	5.5156	0.2994	4.2537	0.0521	 21	"white noise video"
 19	-1	   NaN	-0.5644	-0.4761	-0.4761	-0.5336	0.2979	 0	   NaN	-0.2975	3.7913	0.0110	 22	"INHO"
 20	-1	   NaN	-0.5644	-0.6709	-0.6709	-0.8220	0.8132	 0	   NaN	-0.2975	3.8913	0.0000	 23	"47"
 21	-1	   NaN	-0.5644	-0.6709	-0.6709	-0.7217	1.6074	 0	   NaN	-0.2975	3.9917	0.0000	 24	"white noise video"
 22	 2	-0.0769	-0.1100	-0.3390	-0.3390	-0.1002	0.8010	 1	6.7656	-0.1082	3.8979	0.0034	 25	"EMPATIA"
 23	 2	-0.6166	0.0940	0.1361	0.1361	-0.1810	0.9410	 1	5.3906	0.0604	3.9066	0.0277	 26	"47"
 24	-1	   NaN	-0.5644	-0.6327	-0.6327	-0.6007	0.9122	 0	   NaN	-0.2975	3.8344	0.0003	 27	"white noise video"
 25	-1	   NaN	-0.5644	-0.5516	-0.5516	-0.6399	0.6962	 0	   NaN	-0.2975	3.8989	0.0017	 28	"PELKO"
 26	 0	0.6787	-0.3389	-0.2836	-0.2836	-0.4988	1.0844	 0	   NaN	-0.2975	3.9566	0.0000	 29	"47"
 27	-1	   NaN	-0.5644	-0.6709	-0.6709	-0.6664	0.9169	 0	   NaN	-0.2975	3.8460	0.0007	 30	"white noise video"
 28	 0	-0.0769	-0.4347	-0.3474	-0.3474	-0.3640	0.0950	 0	   NaN	-0.2975	3.7667	0.0036	 31	"ILO"
 29	 0	-0.0769	1.2018	1.3189	1.3189	1.1526	0.0539	 1	5.0156	1.4183	3.7788	0.1234	 32	"47"
 30	 0	0.7867	-0.3484	-0.3555	-0.3555	-0.2326	0.4551	 0	   NaN	-0.2975	3.7956	0.0100	 33	"white noise video"
 31	 2	-1.0484	-0.1242	-0.1344	-0.1344	-0.3184	-0.1099	 0	   NaN	-0.2975	3.8402	0.0576	 34	"RENTOUTUNEISUUS"
 32	-1	   NaN	-0.5644	-0.6709	-0.6709	-0.5062	0.3264	 0	   NaN	-0.2975	3.8311	0.0022	 35	"47"
 33	-1	   NaN	-0.5644	-0.6709	-0.6709	-0.6139	0.3119	 0	   NaN	-0.2975	3.8620	0.0084	 36	"white noise video"
 34	-1	   NaN	-0.5644	-0.6709	-0.6709	-0.6527	-0.8521	 0	   NaN	-0.2975	3.5760	0.0030	 37	"ILO"
 35	 2	-1.3723	0.4614	0.1025	0.1025	0.3604	-0.7705	 0	   NaN	-0.2975	3.6577	0.0866	 38	"47"
 36	 0	1.7582	-0.4261	-0.6255	-0.6255	-0.4402	-0.3472	 1	6.7031	0.8148	3.6552	0.0029	 39	"white noise video"
 37	-1	   NaN	-0.5644	-0.5336	-0.5336	-0.3361	-1.1766	 1	6.8906	3.8262	3.5263	0.0015	 40	"VOITTO"
 38	 0	1.2185	1.5405	1.7127	1.7127	1.8023	-1.0738	 0	   NaN	-0.2975	3.5887	0.1230	 41	"47"
 39	-1	   NaN	-0.5644	-0.6709	-0.6709	-0.7194	-0.2500	 0	   NaN	-0.2975	3.6794	0.0000	 42	"white noise video"
 40	-1	   NaN	-0.5644	-0.6709	-0.6709	-0.7038	-1.4509	 0	   NaN	-0.2975	3.5139	0.0018	 43	"PELKO"
 41	 3	-1.0484	0.5981	0.6128	0.6128	0.3720	-0.9655	 0	   NaN	-0.2975	3.7534	0.1497	 44	"47"
 42	-1	   NaN	-0.5644	-0.6695	-0.6695	-0.5828	-0.5658	 0	   NaN	-0.2975	3.6486	0.0005	 45	"white noise video"
 43	 0	1.9741	-0.2651	-0.4802	-0.4802	-0.3724	-0.5545	 0	   NaN	-0.2975	3.9064	0.0000	 46	"EMPATIA"
 44	 0	-0.1848	-0.4204	-0.4701	-0.4701	-0.4392	-0.1099	 0	   NaN	-0.2975	3.8127	0.0002	 47	"47"
 45	-1	   NaN	-0.5644	-0.6522	-0.6522	-0.5165	-0.3079	 0	   NaN	-0.2975	3.6659	0.0014	 48	"white noise video"
 46	-1	   NaN	-0.5644	-0.6709	-0.6709	-0.6933	-1.9681	 0	   NaN	-0.2975	3.4813	0.0066	 49	"INNOSTUNEISUUS"
 47	 0	1.3264	2.7762	2.4733	2.4733	2.6788	-0.2839	 0	   NaN	-0.2975	4.0470	0.2707	 50	"47"
 48	-1	   NaN	-0.5644	-0.6709	-0.6709	-0.7552	1.0292	 0	   NaN	-0.2975	3.9227	0.0000	 51	"white noise video"
 49	-1	   NaN	-0.5644	-0.5816	-0.5816	-0.5824	-1.2986	 0	   NaN	-0.2975	3.5102	0.0014	 52	"INHO"
 50	 0	-1.3723	0.3164	0.0001	0.0001	0.1082	-1.0342	 0	   NaN	-0.2975	3.8545	0.0748	 53	"47"
 51	-1	   NaN	-0.5644	-0.6709	-0.6709	-0.7088	0.2099	 0	   NaN	-0.2975	3.8151	0.0000	 54	"white noise video"
 52	 2	-0.7246	-0.2929	-0.3315	-0.3315	-0.2796	-1.5836	 1	6.3281	-0.1806	3.4725	0.0171	 55	"VIHA"
 53	 0	1.1105	1.3989	1.8321	1.8321	1.6437	-1.4591	 0	   NaN	-0.2975	3.6373	0.1252	 56	"47"
 54	-1	   NaN	-0.5644	-0.6709	-0.6709	-0.8274	1.3343	 0	   NaN	-0.2975	3.9973	0.0000	 57	"white noise video"
 55	 0	-1.2643	-0.3888	-0.4865	-0.4865	-0.3753	-0.5224	 0	   NaN	-0.2975	3.7653	0.0134	 58	"SURU"
 56	 0	0.2469	4.1375	4.3530	4.3530	3.6051	0.2550	 0	   NaN	-0.2975	3.8789	0.3692	 59	"47"
 57	-1	   NaN	-0.5644	-0.6709	-0.6709	-0.6951	0.7129	 0	   NaN	-0.2975	3.8535	0.0000	 60	"white noise video"
 58	-1	   NaN	-0.5644	-0.5457	-0.5457	-0.6032	-0.8693	 0	   NaN	-0.2975	3.5736	0.0023	 61	"PELKO"
 59	 3	-0.5087	1.6900	1.3731	1.3731	0.6474	-0.8414	 0	   NaN	-0.2975	3.7119	0.1378	 62	"47"
 60	-1	   NaN	-0.5644	-0.6709	-0.6709	-0.6464	0.1812	 0	   NaN	-0.2975	3.7543	0.0002	 63	"white noise video"
 61	-1	   NaN	-0.5644	-0.6709	-0.6709	-0.6438	-1.2209	 0	   NaN	-0.2975	3.5235	0.0022	 64	"VIHA"
 62	 2	-1.1564	-0.0263	1.5361	1.5361	2.7595	-1.0071	 0	   NaN	-0.2975	3.6435	0.0951	 65	"47"
 63	-1	   NaN	-0.5644	-0.6709	-0.6709	-0.9018	0.6353	 0	   NaN	-0.2975	3.8879	0.0000	 66	"white noise video"
 64	-1	   NaN	-0.5644	-0.5252	-0.5252	-0.5691	-1.0290	 0	   NaN	-0.2975	3.5482	0.0043	 67	"VOITTO"
 65	-1	   NaN	-0.5644	-0.5655	-0.5655	-0.7489	-0.9484	 0	   NaN	-0.2975	3.6867	0.0002	 68	"47"
 66	-1	   NaN	-0.5644	-0.5768	-0.5768	-0.5120	-0.9229	 0	   NaN	-0.2975	3.5698	0.0031	 69	"white noise video"
 67	-1	   NaN	-0.5644	-0.6709	-0.6709	-0.7584	0.7963	 0	   NaN	-0.2975	3.9518	0.0000	 70	"INNOSTUNEISUUS"
 68	 0	0.3549	3.3553	2.8458	2.8458	1.7219	1.1754	 0	   NaN	-0.2975	3.9918	0.2126	 71	"47"
 69	-1	   NaN	-0.5644	-0.6709	-0.6709	-0.8247	1.2603	 0	   NaN	-0.2975	3.9075	0.0000	 72	"white noise video"
 70	 2	-1.1564	0.0599	0.1808	0.1808	0.0057	0.6984	 1	5.4531	0.0323	3.9022	0.0252	 73	"ILO"
 71	 0	-0.6166	3.5730	3.2607	3.2607	3.3879	0.9779	 0	   NaN	-0.2975	4.0227	0.3206	 74	"47"
 72	-1	   NaN	-0.5644	-0.6709	-0.6709	-0.6763	1.2460	 0	   NaN	-0.2975	3.9377	0.0000	 75	"white noise video"
 73	 0	0.8946	0.8903	2.1273	2.1273	1.7796	-0.1163	 0	   NaN	-0.2975	4.1740	0.2803	 76	"SURU"
 74	 2	-0.4007	0.9303	0.8418	0.8418	0.4031	0.1698	 0	   NaN	-0.2975	4.2535	0.0000	 77	"47"
 75	-1	   NaN	-0.5644	-0.5142	-0.5142	-0.6525	1.2549	 0	   NaN	-0.2975	3.8806	0.0000	 78	"white noise video"
 76	 0	0.3549	2.1135	2.2518	2.2518	1.6025	-0.6327	 1	5.0156	4.1113	3.6523	0.1781	 79	"EMPATIA"
 77	 2	-0.4007	0.3599	0.6130	0.6130	0.0538	-0.3604	 0	   NaN	-0.2975	3.8801	0.1660	 80	"47"
 78	-1	   NaN	-0.5644	-0.6709	-0.6709	-0.7770	0.5779	 0	   NaN	-0.2975	3.8217	0.0000	 81	"white noise video"
 79	 0	1.3264	-0.4453	-0.5554	-0.5554	-0.5145	-1.2187	 1	6.4531	2.3170	3.5221	0.0059	 82	"RENTOUTUNEISUUS"
 80	 3	-0.9405	0.6187	0.3336	0.3336	0.7729	-1.1616	 0	   NaN	-0.2975	3.5654	0.0536	 83	"47"
 81	 2	-0.5087	0.3748	0.4712	0.4712	0.5238	-0.5396	 1	5.4531	1.0709	3.6481	0.0557	 84	"white noise video"
 82	-1	   NaN	-0.5644	-0.6709	-0.6709	-0.7619	-0.9329	 0	   NaN	-0.2975	3.5614	0.0006	 85	"INHO"
 83	 2	-0.6166	0.1575	0.5169	0.5169	0.7347	-0.8616	 0	   NaN	-0.2975	3.7463	0.1531	 86	"47"
 84	-1	   NaN	-0.5644	-0.5277	-0.5277	-0.5401	-0.1049	 0	   NaN	-0.2975	3.6965	0.0006	 87	"white noise video"
 85	 0	1.6503	3.1958	1.6312	1.6312	2.4743	-0.5117	 1	5.8281	5.3456	3.6447	0.1000	 88	"RENTOUTUNEISUUS"
 86	 0	1.0026	0.0284	2.1382	2.1382	2.0886	-0.2224	 0	   NaN	-0.2975	3.9076	0.3011	 89	"47"
 87	-1	   NaN	-0.5644	-0.6709	-0.6709	-0.7411	0.5336	 0	   NaN	-0.2975	3.8462	0.0000	 90	"white noise video"
 88	-1	   NaN	-0.5644	-0.6709	-0.6709	-0.6347	0.5184	 0	   NaN	-0.2975	3.8803	0.0000	 91	"INNOSTUNEISUUS"
 89	 0	1.6503	-0.3614	-0.3747	-0.3747	-0.4435	0.7032	 0	   NaN	-0.2975	3.8987	0.0021	 92	"47"
 90	-1	   NaN	-0.5644	-0.6709	-0.6709	-0.6413	0.5326	 0	   NaN	-0.2975	3.7829	0.0001	 93	"white noise video"
 91	-1	   NaN	-0.5644	-0.6618	-0.6618	-0.6371	0.6860	 0	   NaN	-0.2975	3.8343	0.0011	 94	"ILO"
 92	 2	-0.5087	-0.2297	-0.1817	-0.1817	-0.3623	0.7694	 0	   NaN	-0.2975	3.9875	0.0600	 95	"47"
 93	-1	   NaN	-0.5644	-0.5414	-0.5414	-0.5115	0.9087	 0	   NaN	-0.2975	3.8678	0.0009	 96	"white noise video"
 94	-1	   NaN	-0.5644	-0.6501	-0.6501	-0.6524	-0.2765	 0	   NaN	-0.2975	3.6576	0.0015	 97	"SURU"
 95	 3	-1.2643	0.9688	0.5860	0.5860	0.3379	-0.3141	 0	   NaN	-0.2975	3.8340	0.1087	 98	"47"
 96	-1	   NaN	-0.5644	-0.5887	-0.5887	-0.4895	0.1599	 0	   NaN	-0.2975	3.7309	0.0021	 99	"white noise video"
 97	-1	   NaN	-0.5644	-0.6709	-0.6709	-0.7041	-1.2254	 0	   NaN	-0.2975	3.5538	0.0013	100	"INHO"
 98	 2	-0.9405	0.6608	0.8037	0.8037	0.8383	-0.5450	 0	   NaN	-0.2975	3.8424	0.2257	101	"47"
 99	-1	   NaN	-0.5644	-0.2141	-0.2141	-0.1894	0.5374	 0	   NaN	-0.2975	3.9121	0.0437	102	"white noise video"
100	-1	   NaN	-0.5644	-0.6128	-0.6128	-0.7353	-0.9371	 0	   NaN	-0.2975	3.5607	0.0012	103	"PELKO"
101	 2	-0.9405	1.5339	1.3893	1.3893	0.5897	-1.0137	 0	   NaN	-0.2975	3.6492	0.1492	104	"47"
102	-1	   NaN	-0.5644	-0.5236	-0.5236	-0.4893	-0.3514	 0	   NaN	-0.2975	3.6670	0.0061	105	"white noise video"
103	 0	-0.2928	-0.3543	-0.3396	-0.3396	-0.2365	-0.6227	 1	5.5156	-0.0960	3.6386	0.0186	106	"VIHA"
104	 2	0.1390	0.0382	0.1736	0.1736	0.0025	-0.5223	 0	   NaN	-0.2975	3.6964	0.0581	107	"47"
105	-1	   NaN	-0.5644	-0.6252	-0.6252	-0.6845	-0.4236	 0	   NaN	-0.2975	3.6470	0.0009	108	"white noise video"
106	-1	   NaN	-0.5644	-0.6709	-0.6709	-0.5645	-0.9485	 0	   NaN	-0.2975	3.5671	0.0037	109	"EMPATIA"
107	 3	-1.1564	1.3418	1.0142	1.0142	0.7463	-0.7550	 0	   NaN	-0.2975	3.7328	0.1290	110	"47"
108	-1	   NaN	-0.5644	-0.6440	-0.6440	-0.6545	-0.0487	 0	   NaN	-0.2975	3.7211	0.0046	111	"white noise video"
109	-1	   NaN	-0.5644	-0.6244	-0.6244	-0.5780	-1.3453	 0	   NaN	-0.2975	3.5239	0.0019	112	"VOITTO"
110	 0	1.3264	1.7037	1.8712	1.8712	2.1563	-0.7925	 0	   NaN	-0.2975	3.6684	0.1872	113	"47"
111	-1	   NaN	-0.5644	-0.5892	-0.5892	-0.6466	0.5355	 0	   NaN	-0.2975	3.8106	0.0000	114	"white noise video"
112	-1	   NaN	-0.5644	-0.5864	-0.5864	-0.4871	-0.9851	 0	   NaN	-0.2975	3.5700	0.0033	115	"INHO"
113	 2	0.0311	0.4194	0.7299	0.7299	0.3070	-1.0400	 0	   NaN	-0.2975	3.7297	0.1144	116	"47"
114	-1	   NaN	-0.5644	-0.6709	-0.6709	-0.7930	-0.4469	 0	   NaN	-0.2975	3.6573	0.0001	117	"white noise video"
115	-1	   NaN	-0.5644	-0.6145	-0.6145	-0.5857	-1.5635	 0	   NaN	-0.2975	3.4656	0.0022	118	"EMPATIA"
116	 0	1.4344	-0.3694	-0.3455	-0.3455	-0.4710	-1.4624	 1	6.4531	-0.0493	3.5417	0.0155	119	"47"
117	 2	0.5708	1.1620	0.9569	0.9569	0.5487	-0.7262	 0	   NaN	-0.2975	3.6920	0.0782	120	"white noise video"
118	-1	   NaN	-0.5644	-0.5976	-0.5976	-0.5982	-1.1836	 0	   NaN	-0.2975	3.5498	0.0017	121	"VIHA"
119	 0	1.4344	-0.3307	0.5378	0.5378	0.9983	-0.8493	 0	   NaN	-0.2975	3.7897	0.1709	122	"47"
120	-1	   NaN	-0.5644	-0.6471	-0.6471	-0.7036	0.0231	 0	   NaN	-0.2975	3.7476	0.0008	123	"white noise video"
121	 0	-0.2928	-0.4225	-0.4265	-0.4265	-0.5317	-1.0144	 0	   NaN	-0.2975	3.6661	0.0010	124	"RENTOUTUNEISUUS"
122	-1	   NaN	-0.5644	-0.5482	-0.5482	-0.6317	-0.6943	 0	   NaN	-0.2975	3.6110	0.0019	125	"47"
123	-1	   NaN	-0.5644	-0.6423	-0.6423	-0.5080	-0.9987	 0	   NaN	-0.2975	3.5570	0.0027	126	"white noise video"
124	-1	   NaN	-0.5644	-0.6709	-0.6709	-0.7383	-1.8279	 0	   NaN	-0.2975	3.4596	0.0018	127	"SURU"
125	-1	   NaN	-0.5644	-0.4734	-0.4734	-0.7445	-0.4774	 0	   NaN	-0.2975	3.8255	0.0000	128	"47"
126	-1	   NaN	-0.5644	-0.6709	-0.6709	-0.6743	-0.5486	 0	   NaN	-0.2975	3.6188	0.0001	129	"white noise video"
127	-1	   NaN	-0.5644	-0.6709	-0.6709	-0.8873	-1.6295	 0	   NaN	-0.2975	3.4797	0.0001	130	"ILO"
128	-1	   NaN	-0.5644	-0.6709	-0.6709	-0.7135	-1.1319	 0	   NaN	-0.2975	3.6240	0.0350	131	"47"
129	-1	   NaN	-0.5644	-0.6365	-0.6365	-0.6100	-0.4465	 0	   NaN	-0.2975	3.7234	0.0000	132	"white noise video"
130	-1	   NaN	-0.5644	-0.6242	-0.6242	-0.5669	-1.4427	 0	   NaN	-0.2975	3.5359	0.0032	133	"PELKO"
131	 0	1.1105	0.1760	0.3079	0.3079	0.4820	-1.1721	 1	5.5781	1.1956	3.5660	0.0390	134	"47"
132	-1	   NaN	-0.5644	-0.6709	-0.6709	-0.6891	-0.8622	 0	   NaN	-0.2975	3.5692	0.0006	135	"white noise video"
133	 2	-0.7246	0.8188	1.3339	1.3339	1.0214	-0.8328	 1	5.2031	4.2141	3.7218	0.0961	136	"INNOSTUNEISUUS"
134	 0	-1.2643	-0.2798	-0.5683	-0.5683	-0.2536	0.3086	 0	   NaN	-0.2975	4.0986	0.0224	137	"47"
135	 0	-0.2928	-0.4352	-0.5327	-0.5327	-0.5498	0.4361	 0	   NaN	-0.2975	3.8135	0.0136	138	"white noise video"
136	-1	   NaN	-0.5644	-0.3835	-0.3835	-0.2864	-0.4572	 0	   NaN	-0.2975	3.7356	0.0016	139	"VOITTO"
137	-1	   NaN	-0.5644	-0.2096	-0.2096	1.0246	0.4867	 0	   NaN	-0.2975	3.8858	0.0801	140	"47"
138	-1	   NaN	-0.5644	-0.6709	-0.6709	-0.9008	2.8429	 0	   NaN	-0.2975	4.3735	0.0000	141	"white noise video"
139	 0	1.4344	-0.4420	-0.5160	-0.5160	-0.6497	0.3478	 1	6.5781	-0.1840	3.7535	0.0020	142	"INNOSTUNEISUUS"
140	 0	1.5423	1.4998	1.1111	1.1111	1.0941	0.9378	 0	   NaN	-0.2975	4.0371	0.1524	143	"47"
141	-1	   NaN	-0.5644	-0.6709	-0.6709	-0.5579	2.3233	 0	   NaN	-0.2975	4.1416	0.0000	144	"white noise video"
142	-1	   NaN	-0.5644	-0.6640	-0.6640	-0.6868	1.1387	 0	   NaN	-0.2975	3.8694	0.0000	145	"SURU"
143	 3	-1.2643	2.7482	2.2547	2.2547	2.2427	0.8228	 0	   NaN	-0.2975	3.8782	0.1372	146	"47"
144	-1	   NaN	-0.5644	-0.6709	-0.6709	-0.7969	1.9801	 0	   NaN	-0.2975	4.1152	0.0000	147	"white noise video"
145	 0	-1.3723	-0.4222	-0.5295	-0.5295	-0.4033	-0.4645	 0	   NaN	-0.2975	3.6862	0.0018	148	"RENTOUTUNEISUUS"
146	 2	-0.2928	0.4314	0.5048	0.5048	0.1276	1.2473	 0	   NaN	-0.2975	4.3934	0.0016	149	"47"
147	-1	   NaN	-0.5644	-0.6709	-0.6709	-0.6850	1.4215	 0	   NaN	-0.2975	3.9189	0.0000	150	"white noise video"
148	 0	0.7867	-0.1980	-0.0961	-0.0961	-0.0829	-0.1770	 1	6.0781	3.6965	3.7051	0.0178	151	"VOITTO"
149	 2	-0.0769	0.8773	1.3717	1.3717	0.7773	-0.0412	 0	   NaN	-0.2975	3.8721	0.1787	152	"47"
150	 0	-0.9405	-0.4482	-0.5652	-0.5652	-0.6564	1.5455	 0	   NaN	-0.2975	4.0740	0.0133	153	"white noise video"
151	 2	-1.3723	3.3127	2.3963	2.3963	2.1758	0.2993	 0	   NaN	-0.2975	3.9450	0.2722	154	"INHO"
152	-1	   NaN	-0.5644	-0.6709	-0.6709	-0.6361	0.7951	 0	   NaN	-0.2975	4.1282	0.0000	155	"47"
153	-1	   NaN	-0.5644	-0.4497	-0.4497	-0.5099	1.0667	 0	   NaN	-0.2975	3.8621	0.0000	156	"white noise video"
154	-1	   NaN	-0.5644	-0.6667	-0.6667	-0.5549	0.6671	 0	   NaN	-0.2975	3.8414	0.0000	157	"VIHA"
155	 0	1.7582	2.5210	1.8871	1.8871	2.2115	1.1077	 1	5.8281	3.2242	4.0546	0.0888	158	"47"
156	 2	0.6787	1.6019	1.4690	1.4690	1.3032	1.7827	 1	5.7656	1.3617	4.0042	0.0791	159	"white noise video"
157	-1	   NaN	-0.5644	-0.6709	-0.6709	-0.7060	1.3826	 0	   NaN	-0.2975	4.0120	0.0000	160	"EMPATIA"
158	-1	   NaN	-0.5644	1.8123	1.8123	3.3055	1.6328	 1	5.3281	5.0753	3.9832	0.0835	161	"47"
159	-1	   NaN	-0.5644	-0.6709	-0.6709	-0.8686	2.5069	 0	   NaN	-0.2975	4.1478	0.0000	162	"white noise video"
160	-1	   NaN	-0.5644	-0.5805	-0.5805	-0.4923	0.1595	 0	   NaN	-0.2975	3.7675	0.0025	163	"ILO"
161	 0	1.0026	1.9268	1.8074	1.8074	1.5113	0.2442	 0	   NaN	-0.2975	3.7884	0.1430	164	"47"
162	-1	   NaN	-0.5644	-0.6049	-0.6049	-0.7358	0.6514	 0	   NaN	-0.2975	3.8351	0.0000	165	"white noise video"
163	 0	-1.3723	-0.4398	-0.5610	-0.5610	-0.4344	-0.2162	 0	   NaN	-0.2975	3.8627	0.0000	166	"PELKO"
164	 0	1.5423	1.6114	1.4729	1.4729	1.2944	0.1610	 1	5.4531	2.3030	3.7918	0.0961	167	"47"
